 $DATA  
H2 aug-cc-pVTZ                                                                  
DNH      2

H           1.0      0.0000000000      0.0000000000      0.7408481489
   S       3
     1             33.8700000000  0.00606800
     2              5.0950000000  0.04530800
     3              1.1590000000  0.20282200
   S       1
     1              0.3258000000  1.00000000
   S       1
     1              0.1027000000  1.00000000
   S       1
     1              0.0252600000  1.00000000
   P       1
     1              1.4070000000  1.00000000
   P       1
     1              0.3880000000  1.00000000
   P       1
     1              0.1020000000  1.00000000
   D       1
     1              1.0570000000  1.00000000
   D       1
     1              0.2470000000  1.00000000
        
 $END      
- - - NO-S OF CI STATE  1 E=       -1.0696184522 CREATEDWed Oct  9 16:06:32 2013
 $OCCNO 
    1.8344174526    0.1542455678    0.0036450346    0.0033150686    0.0033150686
    0.0002818830    0.0001546696    0.0001383382    0.0001383382    0.0000497018
    0.0000497018    0.0000378772    0.0000378772    0.0000319002    0.0000243450
    0.0000151779    0.0000151412    0.0000151412    0.0000081316    0.0000081316
    0.0000075514    0.0000075514    0.0000073471    0.0000034626    0.0000029574
    0.0000027917    0.0000027917    0.0000026877    0.0000026877    0.0000023979
    0.0000023979    0.0000022120    0.0000015571    0.0000015571    0.0000010420
    0.0000010420    0.0000007970    0.0000006939    0.0000006939    0.0000004844
    0.0000004362    0.0000001285    0.0000001285    0.0000000529    0.0000000017
    0.0000000000
 $END   
 $VEC   
 1  1     1.50840567294178E-01     2.95912388183532E-01     2.17496164258218E-01     6.36747418205680E-03    -0.00000000000000E+00
 1  2    -0.00000000000000E+00     2.53642645617770E-03    -0.00000000000000E+00    -0.00000000000000E+00     1.35889951676646E-02
 1  3    -0.00000000000000E+00    -0.00000000000000E+00     1.09677381112163E-02    -6.86973615820844E-04    -6.86973615820844E-04
 1  4     1.37394723164169E-03    -0.00000000000000E+00    -0.00000000000000E+00    -0.00000000000000E+00    -8.87254186823096E-04
 1  5    -8.87254186823096E-04     1.77450837364619E-03    -0.00000000000000E+00    -0.00000000000000E+00    -0.00000000000000E+00
 1  6     1.50840567294178E-01     2.95912388183532E-01     2.17496164258218E-01     6.36747418205680E-03    -0.00000000000000E+00
 1  7    -0.00000000000000E+00    -2.53642645617770E-03    -0.00000000000000E+00    -0.00000000000000E+00    -1.35889951676646E-02
 1  8    -0.00000000000000E+00    -0.00000000000000E+00    -1.09677381112163E-02    -6.86973615820844E-04    -6.86973615820844E-04
 1  9     1.37394723164169E-03    -0.00000000000000E+00    -0.00000000000000E+00    -0.00000000000000E+00    -8.87254186823096E-04
 1 10    -8.87254186823096E-04     1.77450837364619E-03    -0.00000000000000E+00    -0.00000000000000E+00    -0.00000000000000E+00
 2  1     2.23492748961340E-01     5.16896209136981E-01     3.03348691198218E-01    -3.59753087122888E-03    -0.00000000000000E+00
 2  2    -0.00000000000000E+00    -1.69543909041051E-03    -0.00000000000000E+00    -0.00000000000000E+00     1.78325392251067E-02
 2  3    -0.00000000000000E+00    -0.00000000000000E+00     3.45557061605097E-02    -3.16758417319471E-04    -3.16758417319502E-04
 2  4     6.33516834638977E-04    -0.00000000000000E+00    -0.00000000000000E+00    -0.00000000000000E+00    -4.09110740139719E-03
 2  5    -4.09110740139761E-03     8.18221480279480E-03    -0.00000000000000E+00    -0.00000000000000E+00    -0.00000000000000E+00
 2  6    -2.23492748961340E-01    -5.16896209136981E-01    -3.03348691198218E-01     3.59753087122888E-03    -0.00000000000000E+00
 2  7    -0.00000000000000E+00    -1.69543909041051E-03    -0.00000000000000E+00    -0.00000000000000E+00     1.78325392251067E-02
 2  8    -0.00000000000000E+00    -0.00000000000000E+00     3.45557061605097E-02     3.16758417319471E-04     3.16758417319502E-04
 2  9    -6.33516834638977E-04    -0.00000000000000E+00    -0.00000000000000E+00    -0.00000000000000E+00     4.09110740139719E-03
 2 10     4.09110740139761E-03    -8.18221480279480E-03    -0.00000000000000E+00    -0.00000000000000E+00    -0.00000000000000E+00
 3  1    -1.22801942125464E-01    -3.54178324957042E-01     5.39753560137275E-01     1.59446399229071E-02    -0.00000000000000E+00
 3  2    -0.00000000000000E+00    -7.54633183698620E-02    -0.00000000000000E+00    -0.00000000000000E+00    -3.60331821040366E-01
 3  3    -0.00000000000000E+00    -0.00000000000000E+00    -1.73886229371025E-02     3.05145059023006E-02     3.05145059023007E-02
 3  4    -6.10290118046013E-02    -0.00000000000000E+00    -0.00000000000000E+00    -0.00000000000000E+00     2.75253475009520E-02
 3  5     2.75253475009522E-02    -5.50506950019042E-02    -0.00000000000000E+00    -0.00000000000000E+00    -0.00000000000000E+00
 3  6    -1.22801942125464E-01    -3.54178324957042E-01     5.39753560137275E-01     1.59446399229071E-02    -0.00000000000000E+00
 3  7    -0.00000000000000E+00     7.54633183698620E-02    -0.00000000000000E+00    -0.00000000000000E+00     3.60331821040366E-01
 3  8    -0.00000000000000E+00    -0.00000000000000E+00     1.73886229371025E-02     3.05145059023006E-02     3.05145059023007E-02
 3  9    -6.10290118046013E-02    -0.00000000000000E+00    -0.00000000000000E+00    -0.00000000000000E+00     2.75253475009520E-02
 3 10     2.75253475009522E-02    -5.50506950019042E-02    -0.00000000000000E+00    -0.00000000000000E+00    -0.00000000000000E+00
 4  1     0.00000000000000E+00     0.00000000000000E+00     0.00000000000000E+00     0.00000000000000E+00     0.00000000000000E+00
 4  2     4.06314544145766E-02     0.00000000000000E+00     0.00000000000000E+00     4.06710147646735E-01     0.00000000000000E+00
 4  3     0.00000000000000E+00     1.56641391771140E-01     0.00000000000000E+00     0.00000000000000E+00     0.00000000000000E+00
 4  4     0.00000000000000E+00     0.00000000000000E+00     0.00000000000000E+00     5.11032570309711E-02     0.00000000000000E+00
 4  5     0.00000000000000E+00     0.00000000000000E+00     0.00000000000000E+00     0.00000000000000E+00     1.35829483222795E-01
 4  6     0.00000000000000E+00     0.00000000000000E+00     0.00000000000000E+00     0.00000000000000E+00     0.00000000000000E+00
 4  7     4.06314544145766E-02     0.00000000000000E+00     0.00000000000000E+00     4.06710147646735E-01     0.00000000000000E+00
 4  8     0.00000000000000E+00     1.56641391771140E-01     0.00000000000000E+00     0.00000000000000E+00     0.00000000000000E+00
 4  9     0.00000000000000E+00     0.00000000000000E+00     0.00000000000000E+00    -5.11032570309711E-02     0.00000000000000E+00
 4 10     0.00000000000000E+00     0.00000000000000E+00     0.00000000000000E+00     0.00000000000000E+00    -1.35829483222795E-01
 5  1     0.00000000000000E+00     0.00000000000000E+00     0.00000000000000E+00     0.00000000000000E+00     4.06314544145766E-02
 5  2     0.00000000000000E+00     0.00000000000000E+00     4.06710147646735E-01     0.00000000000000E+00     0.00000000000000E+00
 5  3     1.56641391771141E-01     0.00000000000000E+00     0.00000000000000E+00     0.00000000000000E+00     0.00000000000000E+00
 5  4     0.00000000000000E+00     0.00000000000000E+00     5.11032570309712E-02     0.00000000000000E+00     0.00000000000000E+00
 5  5     0.00000000000000E+00     0.00000000000000E+00     0.00000000000000E+00     1.35829483222794E-01     0.00000000000000E+00
 5  6     0.00000000000000E+00     0.00000000000000E+00     0.00000000000000E+00     0.00000000000000E+00     4.06314544145766E-02
 5  7     0.00000000000000E+00     0.00000000000000E+00     4.06710147646735E-01     0.00000000000000E+00     0.00000000000000E+00
 5  8     1.56641391771141E-01     0.00000000000000E+00     0.00000000000000E+00     0.00000000000000E+00     0.00000000000000E+00
 5  9     0.00000000000000E+00     0.00000000000000E+00    -5.11032570309712E-02     0.00000000000000E+00     0.00000000000000E+00
 5 10     0.00000000000000E+00     0.00000000000000E+00     0.00000000000000E+00    -1.35829483222794E-01     0.00000000000000E+00
 6  1     5.11015379607130E-01     3.02560857032023E-01    -4.46611583263434E-01     2.17967366649770E-02     0.00000000000000E+00
 6  2     0.00000000000000E+00    -2.83381770442031E-02     0.00000000000000E+00     0.00000000000000E+00    -3.13668123548801E-01
 6  3     0.00000000000000E+00     0.00000000000000E+00    -1.35426920510223E-01     1.19052959210887E-02     1.19052959210886E-02
 6  4    -2.38105918421773E-02     0.00000000000000E+00     0.00000000000000E+00     0.00000000000000E+00     3.26739175855858E-02
 6  5     3.26739175855856E-02    -6.53478351711714E-02     0.00000000000000E+00     0.00000000000000E+00     0.00000000000000E+00
 6  6     5.11015379607130E-01     3.02560857032023E-01    -4.46611583263434E-01     2.17967366649770E-02     0.00000000000000E+00
 6  7     0.00000000000000E+00     2.83381770442031E-02     0.00000000000000E+00     0.00000000000000E+00     3.13668123548801E-01
 6  8     0.00000000000000E+00     0.00000000000000E+00     1.35426920510223E-01     1.19052959210887E-02     1.19052959210886E-02
 6  9    -2.38105918421773E-02     0.00000000000000E+00     0.00000000000000E+00     0.00000000000000E+00     3.26739175855858E-02
 6 10     3.26739175855856E-02    -6.53478351711714E-02     0.00000000000000E+00     0.00000000000000E+00     0.00000000000000E+00
 7  1     4.83121885646894E-01     2.43186116643201E-01    -4.99429302824431E-01     1.14984315454639E-01     0.00000000000000E+00
 7  2     0.00000000000000E+00     1.58089426302635E-01     0.00000000000000E+00     0.00000000000000E+00     5.24797545340086E-01
 7  3     0.00000000000000E+00     0.00000000000000E+00     9.46348483828071E-02    -2.94159990518186E-02    -2.94159990518183E-02
 7  4     5.88319981036368E-02     0.00000000000000E+00     0.00000000000000E+00     0.00000000000000E+00    -7.18496297817363E-02
 7  5    -7.18496297817378E-02     1.43699259563474E-01     0.00000000000000E+00     0.00000000000000E+00     0.00000000000000E+00
 7  6    -4.83121885646894E-01    -2.43186116643201E-01     4.99429302824431E-01    -1.14984315454639E-01     0.00000000000000E+00
 7  7     0.00000000000000E+00     1.58089426302635E-01     0.00000000000000E+00     0.00000000000000E+00     5.24797545340086E-01
 7  8     0.00000000000000E+00     0.00000000000000E+00     9.46348483828071E-02     2.94159990518186E-02     2.94159990518183E-02
 7  9    -5.88319981036368E-02     0.00000000000000E+00     0.00000000000000E+00     0.00000000000000E+00     7.18496297817363E-02
 7 10     7.18496297817378E-02    -1.43699259563474E-01     0.00000000000000E+00     0.00000000000000E+00     0.00000000000000E+00
 8  1     0.00000000000000E+00     0.00000000000000E+00     0.00000000000000E+00     0.00000000000000E+00     0.00000000000000E+00
 8  2     2.00684373232054E-01     0.00000000000000E+00     0.00000000000000E+00     6.46130166020780E-01     0.00000000000000E+00
 8  3     0.00000000000000E+00     1.20824199695177E-01     0.00000000000000E+00     0.00000000000000E+00     0.00000000000000E+00
 8  4     0.00000000000000E+00     0.00000000000000E+00     0.00000000000000E+00     6.73947682992593E-02     0.00000000000000E+00
 8  5     0.00000000000000E+00     0.00000000000000E+00     0.00000000000000E+00     0.00000000000000E+00     7.75377211474756E-02
 8  6     0.00000000000000E+00     0.00000000000000E+00     0.00000000000000E+00     0.00000000000000E+00     0.00000000000000E+00
 8  7    -2.00684373232054E-01     0.00000000000000E+00     0.00000000000000E+00    -6.46130166020780E-01     0.00000000000000E+00
 8  8     0.00000000000000E+00    -1.20824199695177E-01     0.00000000000000E+00     0.00000000000000E+00     0.00000000000000E+00
 8  9     0.00000000000000E+00     0.00000000000000E+00     0.00000000000000E+00     6.73947682992593E-02     0.00000000000000E+00
 8 10     0.00000000000000E+00     0.00000000000000E+00     0.00000000000000E+00     0.00000000000000E+00     7.75377211474756E-02
 9  1     0.00000000000000E+00     0.00000000000000E+00     0.00000000000000E+00     0.00000000000000E+00     2.00684373232055E-01
 9  2     0.00000000000000E+00     0.00000000000000E+00     6.46130166020780E-01     0.00000000000000E+00     0.00000000000000E+00
 9  3     1.20824199695163E-01     0.00000000000000E+00     0.00000000000000E+00     0.00000000000000E+00     0.00000000000000E+00
 9  4     0.00000000000000E+00     0.00000000000000E+00     6.73947682992603E-02     0.00000000000000E+00     0.00000000000000E+00
 9  5     0.00000000000000E+00     0.00000000000000E+00     0.00000000000000E+00     7.75377211474675E-02     0.00000000000000E+00
 9  6     0.00000000000000E+00     0.00000000000000E+00     0.00000000000000E+00     0.00000000000000E+00    -2.00684373232055E-01
 9  7     0.00000000000000E+00     0.00000000000000E+00    -6.46130166020780E-01     0.00000000000000E+00     0.00000000000000E+00
 9  8    -1.20824199695163E-01     0.00000000000000E+00     0.00000000000000E+00     0.00000000000000E+00     0.00000000000000E+00
 9  9     0.00000000000000E+00     0.00000000000000E+00     6.73947682992603E-02     0.00000000000000E+00     0.00000000000000E+00
 9 10     0.00000000000000E+00     0.00000000000000E+00     0.00000000000000E+00     7.75377211474675E-02     0.00000000000000E+00
10  1    -2.57778211126537E-16     2.81412555093690E-15    -2.41596559859219E-15    -4.05291834459058E-16    -0.00000000000000E+00
10  2    -0.00000000000000E+00    -1.93997943421589E-15    -0.00000000000000E+00    -0.00000000000000E+00     1.17976953413262E-15
10  3    -0.00000000000000E+00    -0.00000000000000E+00     1.89157973036352E-15    -1.62084619445064E-01     1.62084619445067E-01
10  4    -3.92654048253450E-15    -0.00000000000000E+00    -0.00000000000000E+00    -0.00000000000000E+00    -4.45596081913352E-01
10  5     4.45596081913354E-01    -1.97577334958645E-15    -0.00000000000000E+00    -0.00000000000000E+00    -0.00000000000000E+00
10  6    -2.57778211126537E-16     2.81412555093690E-15    -2.41596559859219E-15    -4.05291834459058E-16    -0.00000000000000E+00
10  7    -0.00000000000000E+00     1.93997943421589E-15    -0.00000000000000E+00    -0.00000000000000E+00    -1.17976953413262E-15
10  8    -0.00000000000000E+00    -0.00000000000000E+00    -1.89157973036352E-15    -1.62084619445064E-01     1.62084619445067E-01
10  9    -3.92654048253450E-15    -0.00000000000000E+00    -0.00000000000000E+00    -0.00000000000000E+00    -4.45596081913352E-01
10 10     4.45596081913354E-01    -1.97577334958645E-15    -0.00000000000000E+00    -0.00000000000000E+00    -0.00000000000000E+00
11  1     0.00000000000000E+00     0.00000000000000E+00     0.00000000000000E+00     0.00000000000000E+00     0.00000000000000E+00
11  2     0.00000000000000E+00     0.00000000000000E+00     0.00000000000000E+00     0.00000000000000E+00     0.00000000000000E+00
11  3     0.00000000000000E+00     0.00000000000000E+00     0.00000000000000E+00     0.00000000000000E+00     0.00000000000000E+00
11  4     0.00000000000000E+00     1.87159197336211E-01     0.00000000000000E+00     0.00000000000000E+00     0.00000000000000E+00
11  5     0.00000000000000E+00     0.00000000000000E+00     5.14530035685034E-01     0.00000000000000E+00     0.00000000000000E+00
11  6     0.00000000000000E+00     0.00000000000000E+00     0.00000000000000E+00     0.00000000000000E+00     0.00000000000000E+00
11  7     0.00000000000000E+00     0.00000000000000E+00     0.00000000000000E+00     0.00000000000000E+00     0.00000000000000E+00
11  8     0.00000000000000E+00     0.00000000000000E+00     0.00000000000000E+00     0.00000000000000E+00     0.00000000000000E+00
11  9     0.00000000000000E+00     1.87159197336211E-01     0.00000000000000E+00     0.00000000000000E+00     0.00000000000000E+00
11 10     0.00000000000000E+00     0.00000000000000E+00     5.14530035685034E-01     0.00000000000000E+00     0.00000000000000E+00
12  1     0.00000000000000E+00     0.00000000000000E+00     0.00000000000000E+00     0.00000000000000E+00    -2.67023622958464E-01
12  2     0.00000000000000E+00     0.00000000000000E+00    -2.08334011469586E-01     0.00000000000000E+00     0.00000000000000E+00
12  3     4.93343322633757E-01     0.00000000000000E+00     0.00000000000000E+00     0.00000000000000E+00     0.00000000000000E+00
12  4     0.00000000000000E+00     0.00000000000000E+00    -3.44638557718755E-01     0.00000000000000E+00     0.00000000000000E+00
12  5     0.00000000000000E+00     0.00000000000000E+00     0.00000000000000E+00    -3.60974595088797E-02     0.00000000000000E+00
12  6     0.00000000000000E+00     0.00000000000000E+00     0.00000000000000E+00     0.00000000000000E+00    -2.67023622958464E-01
12  7     0.00000000000000E+00     0.00000000000000E+00    -2.08334011469586E-01     0.00000000000000E+00     0.00000000000000E+00
12  8     4.93343322633757E-01     0.00000000000000E+00     0.00000000000000E+00     0.00000000000000E+00     0.00000000000000E+00
12  9     0.00000000000000E+00     0.00000000000000E+00     3.44638557718755E-01     0.00000000000000E+00     0.00000000000000E+00
12 10     0.00000000000000E+00     0.00000000000000E+00     0.00000000000000E+00     3.60974595088797E-02     0.00000000000000E+00
13  1     0.00000000000000E+00     0.00000000000000E+00     0.00000000000000E+00     0.00000000000000E+00     0.00000000000000E+00
13  2    -2.67023622958467E-01     0.00000000000000E+00     0.00000000000000E+00    -2.08334011469585E-01     0.00000000000000E+00
13  3     0.00000000000000E+00     4.93343322633757E-01     0.00000000000000E+00     0.00000000000000E+00     0.00000000000000E+00
13  4     0.00000000000000E+00     0.00000000000000E+00     0.00000000000000E+00    -3.44638557718755E-01     0.00000000000000E+00
13  5     0.00000000000000E+00     0.00000000000000E+00     0.00000000000000E+00     0.00000000000000E+00    -3.60974595088785E-02
13  6     0.00000000000000E+00     0.00000000000000E+00     0.00000000000000E+00     0.00000000000000E+00     0.00000000000000E+00
13  7    -2.67023622958467E-01     0.00000000000000E+00     0.00000000000000E+00    -2.08334011469585E-01     0.00000000000000E+00
13  8     0.00000000000000E+00     4.93343322633757E-01     0.00000000000000E+00     0.00000000000000E+00     0.00000000000000E+00
13  9     0.00000000000000E+00     0.00000000000000E+00     0.00000000000000E+00     3.44638557718755E-01     0.00000000000000E+00
13 10     0.00000000000000E+00     0.00000000000000E+00     0.00000000000000E+00     0.00000000000000E+00     3.60974595088785E-02
14  1    -1.69555525643947E-01     2.03572332113592E-01    -1.80400787273159E-01    -1.17968230895469E-01     0.00000000000000E+00
14  2     0.00000000000000E+00    -3.85700226681238E-01     0.00000000000000E+00     0.00000000000000E+00     1.09501542924186E-01
14  3     0.00000000000000E+00     0.00000000000000E+00     4.38468797059403E-01     2.05286834807456E-01     2.05286834807455E-01
14  4    -4.10573669614911E-01     0.00000000000000E+00     0.00000000000000E+00     0.00000000000000E+00    -6.85905115531354E-03
14  5    -6.85905115532135E-03     1.37181023106349E-02     0.00000000000000E+00     0.00000000000000E+00     0.00000000000000E+00
14  6    -1.69555525643947E-01     2.03572332113592E-01    -1.80400787273159E-01    -1.17968230895469E-01     0.00000000000000E+00
14  7     0.00000000000000E+00     3.85700226681238E-01     0.00000000000000E+00     0.00000000000000E+00    -1.09501542924186E-01
14  8     0.00000000000000E+00     0.00000000000000E+00    -4.38468797059403E-01     2.05286834807456E-01     2.05286834807455E-01
14  9    -4.10573669614911E-01     0.00000000000000E+00     0.00000000000000E+00     0.00000000000000E+00    -6.85905115531354E-03
14 10    -6.85905115532135E-03     1.37181023106349E-02     0.00000000000000E+00     0.00000000000000E+00     0.00000000000000E+00
15  1    -6.47446807358703E-01     8.99248879732158E-01     1.24215979631043E+00    -1.45611842888516E-02    -0.00000000000000E+00
15  2    -0.00000000000000E+00     2.99637952480929E-01    -0.00000000000000E+00    -0.00000000000000E+00     8.90894376406649E-01
15  3    -0.00000000000000E+00    -0.00000000000000E+00     3.86250225212483E-01    -2.80267022052965E-02    -2.80267022052978E-02
15  4     5.60534044105943E-02    -0.00000000000000E+00    -0.00000000000000E+00    -0.00000000000000E+00    -4.61610513164802E-02
15  5    -4.61610513164784E-02     9.23221026329586E-02    -0.00000000000000E+00    -0.00000000000000E+00    -0.00000000000000E+00
15  6     6.47446807358703E-01    -8.99248879732158E-01    -1.24215979631043E+00     1.45611842888516E-02    -0.00000000000000E+00
15  7    -0.00000000000000E+00     2.99637952480929E-01    -0.00000000000000E+00    -0.00000000000000E+00     8.90894376406649E-01
15  8    -0.00000000000000E+00    -0.00000000000000E+00     3.86250225212483E-01     2.80267022052965E-02     2.80267022052978E-02
15  9    -5.60534044105943E-02    -0.00000000000000E+00    -0.00000000000000E+00    -0.00000000000000E+00     4.61610513164802E-02
15 10     4.61610513164784E-02    -9.23221026329586E-02    -0.00000000000000E+00    -0.00000000000000E+00    -0.00000000000000E+00
16  1    -8.60353070824429E-01     1.26320759992244E+00    -6.10425985643616E-01     3.47028676810792E-02     0.00000000000000E+00
16  2     0.00000000000000E+00    -2.90027089160108E-01     0.00000000000000E+00     0.00000000000000E+00     3.70154100279697E-02
16  3     0.00000000000000E+00     0.00000000000000E+00    -2.28428102900398E-01    -4.64607307229053E-02    -4.64607307229059E-02
16  4     9.29214614458112E-02     0.00000000000000E+00     0.00000000000000E+00     0.00000000000000E+00    -6.82344477529157E-02
16  5    -6.82344477529132E-02     1.36468895505829E-01     0.00000000000000E+00     0.00000000000000E+00     0.00000000000000E+00
16  6    -8.60353070824429E-01     1.26320759992244E+00    -6.10425985643616E-01     3.47028676810792E-02     0.00000000000000E+00
16  7     0.00000000000000E+00     2.90027089160108E-01     0.00000000000000E+00     0.00000000000000E+00    -3.70154100279697E-02
16  8     0.00000000000000E+00     0.00000000000000E+00     2.28428102900398E-01    -4.64607307229053E-02    -4.64607307229059E-02
16  9     9.29214614458112E-02     0.00000000000000E+00     0.00000000000000E+00     0.00000000000000E+00    -6.82344477529157E-02
16 10    -6.82344477529132E-02     1.36468895505829E-01     0.00000000000000E+00     0.00000000000000E+00     0.00000000000000E+00
17  1    -0.00000000000000E+00    -0.00000000000000E+00    -0.00000000000000E+00    -0.00000000000000E+00     4.50898430667358E-01
17  2    -0.00000000000000E+00    -0.00000000000000E+00     1.21577973069990E-01    -0.00000000000000E+00    -0.00000000000000E+00
17  3    -5.49592993215463E-02    -0.00000000000000E+00    -0.00000000000000E+00    -0.00000000000000E+00    -0.00000000000000E+00
17  4    -0.00000000000000E+00    -0.00000000000000E+00    -1.83985416543124E-01    -0.00000000000000E+00    -0.00000000000000E+00
17  5    -0.00000000000000E+00    -0.00000000000000E+00    -0.00000000000000E+00    -3.90603801644014E-01    -0.00000000000000E+00
17  6    -0.00000000000000E+00    -0.00000000000000E+00    -0.00000000000000E+00    -0.00000000000000E+00     4.50898430667358E-01
17  7    -0.00000000000000E+00    -0.00000000000000E+00     1.21577973069990E-01    -0.00000000000000E+00    -0.00000000000000E+00
17  8    -5.49592993215463E-02    -0.00000000000000E+00    -0.00000000000000E+00    -0.00000000000000E+00    -0.00000000000000E+00
17  9    -0.00000000000000E+00    -0.00000000000000E+00     1.83985416543124E-01    -0.00000000000000E+00    -0.00000000000000E+00
17 10    -0.00000000000000E+00    -0.00000000000000E+00    -0.00000000000000E+00     3.90603801644014E-01    -0.00000000000000E+00
18  1    -0.00000000000000E+00    -0.00000000000000E+00    -0.00000000000000E+00    -0.00000000000000E+00    -0.00000000000000E+00
18  2     4.50898430667362E-01    -0.00000000000000E+00    -0.00000000000000E+00     1.21577973069985E-01    -0.00000000000000E+00
18  3    -0.00000000000000E+00    -5.49592993215439E-02    -0.00000000000000E+00    -0.00000000000000E+00    -0.00000000000000E+00
18  4    -0.00000000000000E+00    -0.00000000000000E+00    -0.00000000000000E+00    -1.83985416543128E-01    -0.00000000000000E+00
18  5    -0.00000000000000E+00    -0.00000000000000E+00    -0.00000000000000E+00    -0.00000000000000E+00    -3.90603801644011E-01
18  6    -0.00000000000000E+00    -0.00000000000000E+00    -0.00000000000000E+00    -0.00000000000000E+00    -0.00000000000000E+00
18  7     4.50898430667362E-01    -0.00000000000000E+00    -0.00000000000000E+00     1.21577973069985E-01    -0.00000000000000E+00
18  8    -0.00000000000000E+00    -5.49592993215439E-02    -0.00000000000000E+00    -0.00000000000000E+00    -0.00000000000000E+00
18  9    -0.00000000000000E+00    -0.00000000000000E+00    -0.00000000000000E+00     1.83985416543128E-01    -0.00000000000000E+00
18 10    -0.00000000000000E+00    -0.00000000000000E+00    -0.00000000000000E+00    -0.00000000000000E+00     3.90603801644011E-01
19  1    -3.09549080118451E-15     7.41998392749941E-15     2.42034207830044E-16     1.14953475958808E-15     0.00000000000000E+00
19  2     0.00000000000000E+00    -1.72608673690704E-15     0.00000000000000E+00     0.00000000000000E+00     2.79231630498773E-15
19  3     0.00000000000000E+00     0.00000000000000E+00     3.37629916832126E-15     4.11625196874019E-01    -4.11625196874018E-01
19  4    -1.41940453130154E-15     0.00000000000000E+00     0.00000000000000E+00     0.00000000000000E+00     3.97289677088936E-01
19  5    -3.97289677088937E-01     1.09077969470349E-15     0.00000000000000E+00     0.00000000000000E+00     0.00000000000000E+00
19  6     3.09549080118451E-15    -7.41998392749941E-15    -2.42034207830044E-16    -1.14953475958808E-15     0.00000000000000E+00
19  7     0.00000000000000E+00    -1.72608673690704E-15     0.00000000000000E+00     0.00000000000000E+00     2.79231630498773E-15
19  8     0.00000000000000E+00     0.00000000000000E+00     3.37629916832126E-15    -4.11625196874019E-01     4.11625196874018E-01
19  9     1.41940453130154E-15     0.00000000000000E+00     0.00000000000000E+00     0.00000000000000E+00    -3.97289677088936E-01
19 10     3.97289677088937E-01    -1.09077969470349E-15     0.00000000000000E+00     0.00000000000000E+00     0.00000000000000E+00
20  1    -0.00000000000000E+00    -0.00000000000000E+00    -0.00000000000000E+00    -0.00000000000000E+00    -0.00000000000000E+00
20  2    -0.00000000000000E+00    -0.00000000000000E+00    -0.00000000000000E+00    -0.00000000000000E+00    -0.00000000000000E+00
20  3    -0.00000000000000E+00    -0.00000000000000E+00    -0.00000000000000E+00    -0.00000000000000E+00    -0.00000000000000E+00
20  4    -0.00000000000000E+00     4.75303836440896E-01    -0.00000000000000E+00    -0.00000000000000E+00    -0.00000000000000E+00
20  5    -0.00000000000000E+00    -0.00000000000000E+00     4.58750604027110E-01    -0.00000000000000E+00    -0.00000000000000E+00
20  6    -0.00000000000000E+00    -0.00000000000000E+00    -0.00000000000000E+00    -0.00000000000000E+00    -0.00000000000000E+00
20  7    -0.00000000000000E+00    -0.00000000000000E+00    -0.00000000000000E+00    -0.00000000000000E+00    -0.00000000000000E+00
20  8    -0.00000000000000E+00    -0.00000000000000E+00    -0.00000000000000E+00    -0.00000000000000E+00    -0.00000000000000E+00
20  9    -0.00000000000000E+00    -4.75303836440896E-01    -0.00000000000000E+00    -0.00000000000000E+00    -0.00000000000000E+00
20 10    -0.00000000000000E+00    -0.00000000000000E+00    -4.58750604027110E-01    -0.00000000000000E+00    -0.00000000000000E+00
21  1     0.00000000000000E+00     0.00000000000000E+00     0.00000000000000E+00     0.00000000000000E+00     0.00000000000000E+00
21  2     5.40855022429897E-01     0.00000000000000E+00     0.00000000000000E+00    -3.18405040517026E-01     0.00000000000000E+00
21  3     0.00000000000000E+00    -2.72180017583258E-01     0.00000000000000E+00     0.00000000000000E+00     0.00000000000000E+00
21  4     0.00000000000000E+00     0.00000000000000E+00     0.00000000000000E+00     4.28727086088264E-01     0.00000000000000E+00
21  5     0.00000000000000E+00     0.00000000000000E+00     0.00000000000000E+00     0.00000000000000E+00     1.35416767269843E-01
21  6     0.00000000000000E+00     0.00000000000000E+00     0.00000000000000E+00     0.00000000000000E+00     0.00000000000000E+00
21  7    -5.40855022429897E-01     0.00000000000000E+00     0.00000000000000E+00     3.18405040517026E-01     0.00000000000000E+00
21  8     0.00000000000000E+00     2.72180017583258E-01     0.00000000000000E+00     0.00000000000000E+00     0.00000000000000E+00
21  9     0.00000000000000E+00     0.00000000000000E+00     0.00000000000000E+00     4.28727086088264E-01     0.00000000000000E+00
21 10     0.00000000000000E+00     0.00000000000000E+00     0.00000000000000E+00     0.00000000000000E+00     1.35416767269843E-01
22  1     0.00000000000000E+00     0.00000000000000E+00     0.00000000000000E+00     0.00000000000000E+00     5.40855022429895E-01
22  2     0.00000000000000E+00     0.00000000000000E+00    -3.18405040517024E-01     0.00000000000000E+00     0.00000000000000E+00
22  3    -2.72180017583240E-01     0.00000000000000E+00     0.00000000000000E+00     0.00000000000000E+00     0.00000000000000E+00
22  4     0.00000000000000E+00     0.00000000000000E+00     4.28727086088263E-01     0.00000000000000E+00     0.00000000000000E+00
22  5     0.00000000000000E+00     0.00000000000000E+00     0.00000000000000E+00     1.35416767269857E-01     0.00000000000000E+00
22  6     0.00000000000000E+00     0.00000000000000E+00     0.00000000000000E+00     0.00000000000000E+00    -5.40855022429895E-01
22  7     0.00000000000000E+00     0.00000000000000E+00     3.18405040517024E-01     0.00000000000000E+00     0.00000000000000E+00
22  8     2.72180017583240E-01     0.00000000000000E+00     0.00000000000000E+00     0.00000000000000E+00     0.00000000000000E+00
22  9     0.00000000000000E+00     0.00000000000000E+00     4.28727086088263E-01     0.00000000000000E+00     0.00000000000000E+00
22 10     0.00000000000000E+00     0.00000000000000E+00     0.00000000000000E+00     1.35416767269857E-01     0.00000000000000E+00
23  1    -4.95642469106561E-01     1.23639623954519E+00    -7.96295072322540E-01     1.46599460564505E-01    -0.00000000000000E+00
23  2    -0.00000000000000E+00    -5.51093713187694E-01    -0.00000000000000E+00    -0.00000000000000E+00     7.26761864895046E-01
23  3    -0.00000000000000E+00    -0.00000000000000E+00     5.83922458311993E-02     1.64695921777805E-01     1.64695921777808E-01
23  4    -3.29391843555613E-01    -0.00000000000000E+00    -0.00000000000000E+00    -0.00000000000000E+00    -2.82909305809120E-02
23  5    -2.82909305809088E-02     5.65818611618208E-02    -0.00000000000000E+00    -0.00000000000000E+00    -0.00000000000000E+00
23  6     4.95642469106561E-01    -1.23639623954519E+00     7.96295072322540E-01    -1.46599460564505E-01    -0.00000000000000E+00
23  7    -0.00000000000000E+00    -5.51093713187694E-01    -0.00000000000000E+00    -0.00000000000000E+00     7.26761864895046E-01
23  8    -0.00000000000000E+00    -0.00000000000000E+00     5.83922458311993E-02    -1.64695921777805E-01    -1.64695921777808E-01
23  9     3.29391843555613E-01    -0.00000000000000E+00    -0.00000000000000E+00    -0.00000000000000E+00     2.82909305809120E-02
23 10     2.82909305809088E-02    -5.65818611618208E-02    -0.00000000000000E+00    -0.00000000000000E+00    -0.00000000000000E+00
24  1    -3.35841213203019E-01     9.75400437108583E-01    -4.77052943951648E-01     9.11389151668201E-02     0.00000000000000E+00
24  2     0.00000000000000E+00     6.27031384033852E-01     0.00000000000000E+00     0.00000000000000E+00    -2.39330590266590E-01
24  3     0.00000000000000E+00     0.00000000000000E+00    -4.19921866843502E-01     1.90916185821600E-01     1.90916185821614E-01
24  4    -3.81832371643214E-01     0.00000000000000E+00     0.00000000000000E+00     0.00000000000000E+00     1.11663678988288E-01
24  5     1.11663678988279E-01    -2.23327357976566E-01     0.00000000000000E+00     0.00000000000000E+00     0.00000000000000E+00
24  6    -3.35841213203019E-01     9.75400437108583E-01    -4.77052943951648E-01     9.11389151668201E-02     0.00000000000000E+00
24  7     0.00000000000000E+00    -6.27031384033852E-01     0.00000000000000E+00     0.00000000000000E+00     2.39330590266590E-01
24  8     0.00000000000000E+00     0.00000000000000E+00     4.19921866843502E-01     1.90916185821600E-01     1.90916185821614E-01
24  9    -3.81832371643214E-01     0.00000000000000E+00     0.00000000000000E+00     0.00000000000000E+00     1.11663678988288E-01
24 10     1.11663678988279E-01    -2.23327357976566E-01     0.00000000000000E+00     0.00000000000000E+00     0.00000000000000E+00
25  1    -8.77831926098036E-01     2.37037780532158E+00    -7.52346330131900E-01     3.80119209497076E-01     0.00000000000000E+00
25  2     0.00000000000000E+00    -2.05659489115608E-02     0.00000000000000E+00     0.00000000000000E+00     8.10932749191856E-01
25  3     0.00000000000000E+00     0.00000000000000E+00     2.80454246113342E-01    -2.15347269887976E-01    -2.15347269887977E-01
25  4     4.30694539775953E-01     0.00000000000000E+00     0.00000000000000E+00     0.00000000000000E+00    -3.41096431134961E-01
25  5    -3.41096431134958E-01     6.82192862269919E-01     0.00000000000000E+00     0.00000000000000E+00     0.00000000000000E+00
25  6     8.77831926098036E-01    -2.37037780532158E+00     7.52346330131900E-01    -3.80119209497076E-01     0.00000000000000E+00
25  7     0.00000000000000E+00    -2.05659489115608E-02     0.00000000000000E+00     0.00000000000000E+00     8.10932749191856E-01
25  8     0.00000000000000E+00     0.00000000000000E+00     2.80454246113342E-01     2.15347269887976E-01     2.15347269887977E-01
25  9    -4.30694539775953E-01     0.00000000000000E+00     0.00000000000000E+00     0.00000000000000E+00     3.41096431134961E-01
25 10     3.41096431134958E-01    -6.82192862269919E-01     0.00000000000000E+00     0.00000000000000E+00     0.00000000000000E+00
26  1     0.00000000000000E+00     0.00000000000000E+00     0.00000000000000E+00     0.00000000000000E+00     0.00000000000000E+00
26  2    -4.90974307706989E-01     0.00000000000000E+00     0.00000000000000E+00     6.87180924954405E-01     0.00000000000000E+00
26  3     0.00000000000000E+00    -4.96417144109868E-01     0.00000000000000E+00     0.00000000000000E+00     0.00000000000000E+00
26  4     0.00000000000000E+00     0.00000000000000E+00     0.00000000000000E+00    -5.19637397219405E-01     0.00000000000000E+00
26  5     0.00000000000000E+00     0.00000000000000E+00     0.00000000000000E+00     0.00000000000000E+00     2.72097784795318E-01
26  6     0.00000000000000E+00     0.00000000000000E+00     0.00000000000000E+00     0.00000000000000E+00     0.00000000000000E+00
26  7    -4.90974307706989E-01     0.00000000000000E+00     0.00000000000000E+00     6.87180924954405E-01     0.00000000000000E+00
26  8     0.00000000000000E+00    -4.96417144109868E-01     0.00000000000000E+00     0.00000000000000E+00     0.00000000000000E+00
26  9     0.00000000000000E+00     0.00000000000000E+00     0.00000000000000E+00     5.19637397219405E-01     0.00000000000000E+00
26 10     0.00000000000000E+00     0.00000000000000E+00     0.00000000000000E+00     0.00000000000000E+00    -2.72097784795318E-01
27  1     0.00000000000000E+00     0.00000000000000E+00     0.00000000000000E+00     0.00000000000000E+00    -4.90974307706958E-01
27  2     0.00000000000000E+00     0.00000000000000E+00     6.87180924954364E-01     0.00000000000000E+00     0.00000000000000E+00
27  3    -4.96417144109857E-01     0.00000000000000E+00     0.00000000000000E+00     0.00000000000000E+00     0.00000000000000E+00
27  4     0.00000000000000E+00     0.00000000000000E+00    -5.19637397219428E-01     0.00000000000000E+00     0.00000000000000E+00
27  5     0.00000000000000E+00     0.00000000000000E+00     0.00000000000000E+00     2.72097784795349E-01     0.00000000000000E+00
27  6     0.00000000000000E+00     0.00000000000000E+00     0.00000000000000E+00     0.00000000000000E+00    -4.90974307706958E-01
27  7     0.00000000000000E+00     0.00000000000000E+00     6.87180924954364E-01     0.00000000000000E+00     0.00000000000000E+00
27  8    -4.96417144109857E-01     0.00000000000000E+00     0.00000000000000E+00     0.00000000000000E+00     0.00000000000000E+00
27  9     0.00000000000000E+00     0.00000000000000E+00     5.19637397219428E-01     0.00000000000000E+00     0.00000000000000E+00
27 10     0.00000000000000E+00     0.00000000000000E+00     0.00000000000000E+00    -2.72097784795349E-01     0.00000000000000E+00
28  1    -0.00000000000000E+00    -0.00000000000000E+00    -0.00000000000000E+00    -0.00000000000000E+00    -0.00000000000000E+00
28  2    -6.83805763167439E-01    -0.00000000000000E+00    -0.00000000000000E+00     7.88952190290914E-01    -0.00000000000000E+00
28  3    -0.00000000000000E+00     2.87926078093265E-01    -0.00000000000000E+00    -0.00000000000000E+00    -0.00000000000000E+00
28  4    -0.00000000000000E+00    -0.00000000000000E+00    -0.00000000000000E+00     4.90886316421725E-01    -0.00000000000000E+00
28  5    -0.00000000000000E+00    -0.00000000000000E+00    -0.00000000000000E+00    -0.00000000000000E+00     4.49051876224153E-01
28  6    -0.00000000000000E+00    -0.00000000000000E+00    -0.00000000000000E+00    -0.00000000000000E+00    -0.00000000000000E+00
28  7     6.83805763167439E-01    -0.00000000000000E+00    -0.00000000000000E+00    -7.88952190290914E-01    -0.00000000000000E+00
28  8    -0.00000000000000E+00    -2.87926078093265E-01    -0.00000000000000E+00    -0.00000000000000E+00    -0.00000000000000E+00
28  9    -0.00000000000000E+00    -0.00000000000000E+00    -0.00000000000000E+00     4.90886316421725E-01    -0.00000000000000E+00
28 10    -0.00000000000000E+00    -0.00000000000000E+00    -0.00000000000000E+00    -0.00000000000000E+00     4.49051876224153E-01
29  1    -0.00000000000000E+00    -0.00000000000000E+00    -0.00000000000000E+00    -0.00000000000000E+00    -6.83805763167439E-01
29  2    -0.00000000000000E+00    -0.00000000000000E+00     7.88952190290901E-01    -0.00000000000000E+00    -0.00000000000000E+00
29  3     2.87926078093222E-01    -0.00000000000000E+00    -0.00000000000000E+00    -0.00000000000000E+00    -0.00000000000000E+00
29  4    -0.00000000000000E+00    -0.00000000000000E+00     4.90886316421737E-01    -0.00000000000000E+00    -0.00000000000000E+00
29  5    -0.00000000000000E+00    -0.00000000000000E+00    -0.00000000000000E+00     4.49051876224099E-01    -0.00000000000000E+00
29  6    -0.00000000000000E+00    -0.00000000000000E+00    -0.00000000000000E+00    -0.00000000000000E+00     6.83805763167439E-01
29  7    -0.00000000000000E+00    -0.00000000000000E+00    -7.88952190290901E-01    -0.00000000000000E+00    -0.00000000000000E+00
29  8    -2.87926078093222E-01    -0.00000000000000E+00    -0.00000000000000E+00    -0.00000000000000E+00    -0.00000000000000E+00
29  9    -0.00000000000000E+00    -0.00000000000000E+00     4.90886316421737E-01    -0.00000000000000E+00    -0.00000000000000E+00
29 10    -0.00000000000000E+00    -0.00000000000000E+00    -0.00000000000000E+00     4.49051876224099E-01    -0.00000000000000E+00
30  1    -2.67749345683272E-15     2.04534560223336E-15    -1.14262938590201E-15    -6.65727462671881E-16     0.00000000000000E+00
30  2     0.00000000000000E+00     9.31059131175464E-15     0.00000000000000E+00     0.00000000000000E+00    -7.24554065252920E-15
30  3     0.00000000000000E+00     0.00000000000000E+00     4.01524181719818E-15     6.54918587991755E-01    -6.54918587991749E-01
30  4    -5.51763777364979E-15     0.00000000000000E+00     0.00000000000000E+00     0.00000000000000E+00    -3.69575966796091E-01
30  5     3.69575966796087E-01     4.19979661994559E-15     0.00000000000000E+00     0.00000000000000E+00     0.00000000000000E+00
30  6    -2.67749345683272E-15     2.04534560223336E-15    -1.14262938590201E-15    -6.65727462671881E-16     0.00000000000000E+00
30  7     0.00000000000000E+00    -9.31059131175464E-15     0.00000000000000E+00     0.00000000000000E+00     7.24554065252920E-15
30  8     0.00000000000000E+00     0.00000000000000E+00    -4.01524181719818E-15     6.54918587991755E-01    -6.54918587991749E-01
30  9    -5.51763777364979E-15     0.00000000000000E+00     0.00000000000000E+00     0.00000000000000E+00    -3.69575966796091E-01
30 10     3.69575966796087E-01     4.19979661994559E-15     0.00000000000000E+00     0.00000000000000E+00     0.00000000000000E+00
31  1     0.00000000000000E+00     0.00000000000000E+00     0.00000000000000E+00     0.00000000000000E+00     0.00000000000000E+00
31  2     0.00000000000000E+00     0.00000000000000E+00     0.00000000000000E+00     0.00000000000000E+00     0.00000000000000E+00
31  3     0.00000000000000E+00     0.00000000000000E+00     0.00000000000000E+00     0.00000000000000E+00     0.00000000000000E+00
31  4     0.00000000000000E+00     7.56234846148654E-01     0.00000000000000E+00     0.00000000000000E+00     0.00000000000000E+00
31  5     0.00000000000000E+00     0.00000000000000E+00    -4.26749567831474E-01     0.00000000000000E+00     0.00000000000000E+00
31  6     0.00000000000000E+00     0.00000000000000E+00     0.00000000000000E+00     0.00000000000000E+00     0.00000000000000E+00
31  7     0.00000000000000E+00     0.00000000000000E+00     0.00000000000000E+00     0.00000000000000E+00     0.00000000000000E+00
31  8     0.00000000000000E+00     0.00000000000000E+00     0.00000000000000E+00     0.00000000000000E+00     0.00000000000000E+00
31  9     0.00000000000000E+00     7.56234846148654E-01     0.00000000000000E+00     0.00000000000000E+00     0.00000000000000E+00
31 10     0.00000000000000E+00     0.00000000000000E+00    -4.26749567831474E-01     0.00000000000000E+00     0.00000000000000E+00
32  1    -1.83089756968250E-01     8.27262943027537E-01    -3.66502674725997E-01    -1.64296411141270E-01     0.00000000000000E+00
32  2     0.00000000000000E+00     5.31864888942128E-01     0.00000000000000E+00     0.00000000000000E+00    -6.19159344803003E-01
32  3     0.00000000000000E+00     0.00000000000000E+00     2.60488273890245E-01    -2.05527008041320E-01    -2.05527008041318E-01
32  4     4.11054016082638E-01     0.00000000000000E+00     0.00000000000000E+00     0.00000000000000E+00     3.46245400448722E-01
32  5     3.46245400448720E-01    -6.92490800897441E-01     0.00000000000000E+00     0.00000000000000E+00     0.00000000000000E+00
32  6    -1.83089756968250E-01     8.27262943027537E-01    -3.66502674725997E-01    -1.64296411141270E-01     0.00000000000000E+00
32  7     0.00000000000000E+00    -5.31864888942128E-01     0.00000000000000E+00     0.00000000000000E+00     6.19159344803003E-01
32  8     0.00000000000000E+00     0.00000000000000E+00    -2.60488273890245E-01    -2.05527008041320E-01    -2.05527008041318E-01
32  9     4.11054016082638E-01     0.00000000000000E+00     0.00000000000000E+00     0.00000000000000E+00     3.46245400448722E-01
32 10     3.46245400448720E-01    -6.92490800897441E-01     0.00000000000000E+00     0.00000000000000E+00     0.00000000000000E+00
33  1     0.00000000000000E+00     0.00000000000000E+00     0.00000000000000E+00     0.00000000000000E+00     0.00000000000000E+00
33  2    -5.97460278501195E-01     0.00000000000000E+00     0.00000000000000E+00     7.52497685753727E-01     0.00000000000000E+00
33  3     0.00000000000000E+00    -1.95217534985766E-01     0.00000000000000E+00     0.00000000000000E+00     0.00000000000000E+00
33  4     0.00000000000000E+00     0.00000000000000E+00     0.00000000000000E+00     4.24968140263499E-01     0.00000000000000E+00
33  5     0.00000000000000E+00     0.00000000000000E+00     0.00000000000000E+00     0.00000000000000E+00    -5.76329633586325E-01
33  6     0.00000000000000E+00     0.00000000000000E+00     0.00000000000000E+00     0.00000000000000E+00     0.00000000000000E+00
33  7    -5.97460278501195E-01     0.00000000000000E+00     0.00000000000000E+00     7.52497685753727E-01     0.00000000000000E+00
33  8     0.00000000000000E+00    -1.95217534985766E-01     0.00000000000000E+00     0.00000000000000E+00     0.00000000000000E+00
33  9     0.00000000000000E+00     0.00000000000000E+00     0.00000000000000E+00    -4.24968140263499E-01     0.00000000000000E+00
33 10     0.00000000000000E+00     0.00000000000000E+00     0.00000000000000E+00     0.00000000000000E+00     5.76329633586325E-01
34  1     0.00000000000000E+00     0.00000000000000E+00     0.00000000000000E+00     0.00000000000000E+00    -5.97460278501224E-01
34  2     0.00000000000000E+00     0.00000000000000E+00     7.52497685753762E-01     0.00000000000000E+00     0.00000000000000E+00
34  3    -1.95217534985792E-01     0.00000000000000E+00     0.00000000000000E+00     0.00000000000000E+00     0.00000000000000E+00
34  4     0.00000000000000E+00     0.00000000000000E+00     4.24968140263473E-01     0.00000000000000E+00     0.00000000000000E+00
34  5     0.00000000000000E+00     0.00000000000000E+00     0.00000000000000E+00    -5.76329633586308E-01     0.00000000000000E+00
34  6     0.00000000000000E+00     0.00000000000000E+00     0.00000000000000E+00     0.00000000000000E+00    -5.97460278501224E-01
34  7     0.00000000000000E+00     0.00000000000000E+00     7.52497685753762E-01     0.00000000000000E+00     0.00000000000000E+00
34  8    -1.95217534985792E-01     0.00000000000000E+00     0.00000000000000E+00     0.00000000000000E+00     0.00000000000000E+00
34  9     0.00000000000000E+00     0.00000000000000E+00    -4.24968140263473E-01     0.00000000000000E+00     0.00000000000000E+00
34 10     0.00000000000000E+00     0.00000000000000E+00     0.00000000000000E+00     5.76329633586308E-01     0.00000000000000E+00
35  1     8.68647414494708E-16    -3.56482112326172E-15    -1.18524073132119E-14    -3.95422674727382E-15    -0.00000000000000E+00
35  2    -0.00000000000000E+00     1.34429431636923E-15    -0.00000000000000E+00    -0.00000000000000E+00    -5.09904944290030E-15
35  3    -0.00000000000000E+00    -0.00000000000000E+00    -5.84575402164770E-15     5.46779573538341E-01    -5.46779573538337E-01
35  4    -6.56524330957830E-16    -0.00000000000000E+00    -0.00000000000000E+00    -0.00000000000000E+00    -7.65090202432663E-01
35  5     7.65090202432664E-01    -2.63498998743444E-15    -0.00000000000000E+00    -0.00000000000000E+00    -0.00000000000000E+00
35  6    -8.68647414494708E-16     3.56482112326172E-15     1.18524073132119E-14     3.95422674727382E-15    -0.00000000000000E+00
35  7    -0.00000000000000E+00     1.34429431636923E-15    -0.00000000000000E+00    -0.00000000000000E+00    -5.09904944290030E-15
35  8    -0.00000000000000E+00    -0.00000000000000E+00    -5.84575402164770E-15    -5.46779573538341E-01     5.46779573538337E-01
35  9     6.56524330957830E-16    -0.00000000000000E+00    -0.00000000000000E+00    -0.00000000000000E+00     7.65090202432663E-01
35 10    -7.65090202432664E-01     2.63498998743444E-15    -0.00000000000000E+00    -0.00000000000000E+00    -0.00000000000000E+00
36  1    -0.00000000000000E+00    -0.00000000000000E+00    -0.00000000000000E+00    -0.00000000000000E+00    -0.00000000000000E+00
36  2    -0.00000000000000E+00    -0.00000000000000E+00    -0.00000000000000E+00    -0.00000000000000E+00    -0.00000000000000E+00
36  3    -0.00000000000000E+00    -0.00000000000000E+00    -0.00000000000000E+00    -0.00000000000000E+00    -0.00000000000000E+00
36  4    -0.00000000000000E+00    -6.31366667939494E-01    -0.00000000000000E+00    -0.00000000000000E+00    -0.00000000000000E+00
36  5    -0.00000000000000E+00    -0.00000000000000E+00     8.83450068657687E-01    -0.00000000000000E+00    -0.00000000000000E+00
36  6    -0.00000000000000E+00    -0.00000000000000E+00    -0.00000000000000E+00    -0.00000000000000E+00    -0.00000000000000E+00
36  7    -0.00000000000000E+00    -0.00000000000000E+00    -0.00000000000000E+00    -0.00000000000000E+00    -0.00000000000000E+00
36  8    -0.00000000000000E+00    -0.00000000000000E+00    -0.00000000000000E+00    -0.00000000000000E+00    -0.00000000000000E+00
36  9    -0.00000000000000E+00     6.31366667939494E-01    -0.00000000000000E+00    -0.00000000000000E+00    -0.00000000000000E+00
36 10    -0.00000000000000E+00    -0.00000000000000E+00    -8.83450068657687E-01    -0.00000000000000E+00    -0.00000000000000E+00
37  1    -1.47498919765651E-01     4.10871484882066E-01     1.66147240381891E+00    -1.57864324654246E-01    -0.00000000000000E+00
37  2    -0.00000000000000E+00    -5.79150074896472E-01    -0.00000000000000E+00    -0.00000000000000E+00     1.38850376479347E+00
37  3    -0.00000000000000E+00    -0.00000000000000E+00     4.97320242261566E-01    -3.97383191198900E-01    -3.97383191198905E-01
37  4     7.94766382397805E-01    -0.00000000000000E+00    -0.00000000000000E+00    -0.00000000000000E+00     6.41874005522177E-02
37  5     6.41874005522232E-02    -1.28374801104441E-01    -0.00000000000000E+00    -0.00000000000000E+00    -0.00000000000000E+00
37  6     1.47498919765651E-01    -4.10871484882066E-01    -1.66147240381891E+00     1.57864324654246E-01    -0.00000000000000E+00
37  7    -0.00000000000000E+00    -5.79150074896472E-01    -0.00000000000000E+00    -0.00000000000000E+00     1.38850376479347E+00
37  8    -0.00000000000000E+00    -0.00000000000000E+00     4.97320242261566E-01     3.97383191198900E-01     3.97383191198905E-01
37  9    -7.94766382397805E-01    -0.00000000000000E+00    -0.00000000000000E+00    -0.00000000000000E+00    -6.41874005522177E-02
37 10    -6.41874005522232E-02     1.28374801104441E-01    -0.00000000000000E+00    -0.00000000000000E+00    -0.00000000000000E+00
38  1    -0.00000000000000E+00    -0.00000000000000E+00    -0.00000000000000E+00    -0.00000000000000E+00    -0.00000000000000E+00
38  2    -3.19510254009090E-01    -0.00000000000000E+00    -0.00000000000000E+00     9.92018310384916E-01    -0.00000000000000E+00
38  3    -0.00000000000000E+00    -1.94069849921267E-02    -0.00000000000000E+00    -0.00000000000000E+00    -0.00000000000000E+00
38  4    -0.00000000000000E+00    -0.00000000000000E+00    -0.00000000000000E+00    -4.40138855957698E-01    -0.00000000000000E+00
38  5    -0.00000000000000E+00    -0.00000000000000E+00    -0.00000000000000E+00    -0.00000000000000E+00     1.27434964879356E+00
38  6    -0.00000000000000E+00    -0.00000000000000E+00    -0.00000000000000E+00    -0.00000000000000E+00    -0.00000000000000E+00
38  7     3.19510254009090E-01    -0.00000000000000E+00    -0.00000000000000E+00    -9.92018310384916E-01    -0.00000000000000E+00
38  8    -0.00000000000000E+00     1.94069849921267E-02    -0.00000000000000E+00    -0.00000000000000E+00    -0.00000000000000E+00
38  9    -0.00000000000000E+00    -0.00000000000000E+00    -0.00000000000000E+00    -4.40138855957698E-01    -0.00000000000000E+00
38 10    -0.00000000000000E+00    -0.00000000000000E+00    -0.00000000000000E+00    -0.00000000000000E+00     1.27434964879356E+00
39  1    -0.00000000000000E+00    -0.00000000000000E+00    -0.00000000000000E+00    -0.00000000000000E+00    -3.19510254009116E-01
39  2    -0.00000000000000E+00    -0.00000000000000E+00     9.92018310384944E-01    -0.00000000000000E+00    -0.00000000000000E+00
39  3    -1.94069849922128E-02    -0.00000000000000E+00    -0.00000000000000E+00    -0.00000000000000E+00    -0.00000000000000E+00
39  4    -0.00000000000000E+00    -0.00000000000000E+00    -4.40138855957678E-01    -0.00000000000000E+00    -0.00000000000000E+00
39  5    -0.00000000000000E+00    -0.00000000000000E+00    -0.00000000000000E+00     1.27434964879352E+00    -0.00000000000000E+00
39  6    -0.00000000000000E+00    -0.00000000000000E+00    -0.00000000000000E+00    -0.00000000000000E+00     3.19510254009116E-01
39  7    -0.00000000000000E+00    -0.00000000000000E+00    -9.92018310384944E-01    -0.00000000000000E+00    -0.00000000000000E+00
39  8     1.94069849922128E-02    -0.00000000000000E+00    -0.00000000000000E+00    -0.00000000000000E+00    -0.00000000000000E+00
39  9    -0.00000000000000E+00    -0.00000000000000E+00    -4.40138855957678E-01    -0.00000000000000E+00    -0.00000000000000E+00
39 10    -0.00000000000000E+00    -0.00000000000000E+00    -0.00000000000000E+00     1.27434964879352E+00    -0.00000000000000E+00
40  1    -2.14298506338881E-01     1.39507477995412E+00     6.89289904801348E+00     3.00774076206741E-01     0.00000000000000E+00
40  2     0.00000000000000E+00    -6.96687387628191E-01     0.00000000000000E+00     0.00000000000000E+00     2.82120064757913E+00
40  3     0.00000000000000E+00     0.00000000000000E+00     2.75231244451943E+00     2.44438928699176E-02     2.44438928699155E-02
40  4    -4.88877857398332E-02     0.00000000000000E+00     0.00000000000000E+00     0.00000000000000E+00    -8.27015876880842E-01
40  5    -8.27015876880842E-01     1.65403175376168E+00     0.00000000000000E+00     0.00000000000000E+00     0.00000000000000E+00
40  6     2.14298506338881E-01    -1.39507477995412E+00    -6.89289904801348E+00    -3.00774076206741E-01     0.00000000000000E+00
40  7     0.00000000000000E+00    -6.96687387628191E-01     0.00000000000000E+00     0.00000000000000E+00     2.82120064757913E+00
40  8     0.00000000000000E+00     0.00000000000000E+00     2.75231244451943E+00    -2.44438928699176E-02    -2.44438928699155E-02
40  9     4.88877857398332E-02     0.00000000000000E+00     0.00000000000000E+00     0.00000000000000E+00     8.27015876880842E-01
40 10     8.27015876880842E-01    -1.65403175376168E+00     0.00000000000000E+00     0.00000000000000E+00     0.00000000000000E+00
41  1    -1.29857430913579E-01     1.56682938824077E+00    -7.52213092988558E-01     2.24514622370516E-01     0.00000000000000E+00
41  2     0.00000000000000E+00    -2.60262054028638E-01     0.00000000000000E+00     0.00000000000000E+00     6.06404306664717E-01
41  3     0.00000000000000E+00     0.00000000000000E+00    -1.29030624009836E+00    -1.34549880735491E-01    -1.34549880735499E-01
41  4     2.69099761470990E-01     0.00000000000000E+00     0.00000000000000E+00     0.00000000000000E+00     6.72779367101084E-01
41  5     6.72779367101087E-01    -1.34555873420217E+00     0.00000000000000E+00     0.00000000000000E+00     0.00000000000000E+00
41  6    -1.29857430913579E-01     1.56682938824077E+00    -7.52213092988558E-01     2.24514622370516E-01     0.00000000000000E+00
41  7     0.00000000000000E+00     2.60262054028638E-01     0.00000000000000E+00     0.00000000000000E+00    -6.06404306664717E-01
41  8     0.00000000000000E+00     0.00000000000000E+00     1.29030624009836E+00    -1.34549880735491E-01    -1.34549880735499E-01
41  9     2.69099761470990E-01     0.00000000000000E+00     0.00000000000000E+00     0.00000000000000E+00     6.72779367101084E-01
41 10     6.72779367101087E-01    -1.34555873420217E+00     0.00000000000000E+00     0.00000000000000E+00     0.00000000000000E+00
42  1     0.00000000000000E+00     0.00000000000000E+00     0.00000000000000E+00     0.00000000000000E+00     2.25438506673424E-01
42  2     0.00000000000000E+00     0.00000000000000E+00    -2.38453642874184E-01     0.00000000000000E+00     0.00000000000000E+00
42  3     2.03588952265997E+00     0.00000000000000E+00     0.00000000000000E+00     0.00000000000000E+00     0.00000000000000E+00
42  4     0.00000000000000E+00     0.00000000000000E+00    -2.18740106762097E-01     0.00000000000000E+00     0.00000000000000E+00
42  5     0.00000000000000E+00     0.00000000000000E+00     0.00000000000000E+00     1.21383357341139E+00     0.00000000000000E+00
42  6     0.00000000000000E+00     0.00000000000000E+00     0.00000000000000E+00     0.00000000000000E+00    -2.25438506673424E-01
42  7     0.00000000000000E+00     0.00000000000000E+00     2.38453642874184E-01     0.00000000000000E+00     0.00000000000000E+00
42  8    -2.03588952265997E+00     0.00000000000000E+00     0.00000000000000E+00     0.00000000000000E+00     0.00000000000000E+00
42  9     0.00000000000000E+00     0.00000000000000E+00    -2.18740106762097E-01     0.00000000000000E+00     0.00000000000000E+00
42 10     0.00000000000000E+00     0.00000000000000E+00     0.00000000000000E+00     1.21383357341139E+00     0.00000000000000E+00
43  1     0.00000000000000E+00     0.00000000000000E+00     0.00000000000000E+00     0.00000000000000E+00     0.00000000000000E+00
43  2     2.25438506673457E-01     0.00000000000000E+00     0.00000000000000E+00    -2.38453642874254E-01     0.00000000000000E+00
43  3     0.00000000000000E+00     2.03588952265997E+00     0.00000000000000E+00     0.00000000000000E+00     0.00000000000000E+00
43  4     0.00000000000000E+00     0.00000000000000E+00     0.00000000000000E+00    -2.18740106762085E-01     0.00000000000000E+00
43  5     0.00000000000000E+00     0.00000000000000E+00     0.00000000000000E+00     0.00000000000000E+00     1.21383357341133E+00
43  6     0.00000000000000E+00     0.00000000000000E+00     0.00000000000000E+00     0.00000000000000E+00     0.00000000000000E+00
43  7    -2.25438506673457E-01     0.00000000000000E+00     0.00000000000000E+00     2.38453642874254E-01     0.00000000000000E+00
43  8     0.00000000000000E+00    -2.03588952265997E+00     0.00000000000000E+00     0.00000000000000E+00     0.00000000000000E+00
43  9     0.00000000000000E+00     0.00000000000000E+00     0.00000000000000E+00    -2.18740106762085E-01     0.00000000000000E+00
43 10     0.00000000000000E+00     0.00000000000000E+00     0.00000000000000E+00     0.00000000000000E+00     1.21383357341133E+00
44  1     1.96834033995386E-01    -4.39525344828068E-01     1.24285013217323E+00    -8.63966085061644E-01     0.00000000000000E+00
44  2     0.00000000000000E+00    -1.26869052738833E-01     0.00000000000000E+00     0.00000000000000E+00     4.02021357909979E-01
44  3     0.00000000000000E+00     0.00000000000000E+00    -9.05362922367347E-01    -1.91424787470173E-02    -1.91424787470175E-02
44  4     3.82849574940348E-02     0.00000000000000E+00     0.00000000000000E+00     0.00000000000000E+00     1.49660517640145E-01
44  5     1.49660517640145E-01    -2.99321035280291E-01     0.00000000000000E+00     0.00000000000000E+00     0.00000000000000E+00
44  6     1.96834033995386E-01    -4.39525344828068E-01     1.24285013217323E+00    -8.63966085061644E-01     0.00000000000000E+00
44  7     0.00000000000000E+00     1.26869052738833E-01     0.00000000000000E+00     0.00000000000000E+00    -4.02021357909979E-01
44  8     0.00000000000000E+00     0.00000000000000E+00     9.05362922367347E-01    -1.91424787470173E-02    -1.91424787470175E-02
44  9     3.82849574940348E-02     0.00000000000000E+00     0.00000000000000E+00     0.00000000000000E+00     1.49660517640145E-01
44 10     1.49660517640145E-01    -2.99321035280291E-01     0.00000000000000E+00     0.00000000000000E+00     0.00000000000000E+00
45  1     7.20971167156249E-03    -8.23765667608732E-02     1.47280792935334E+01     1.26869656207139E+00    -0.00000000000000E+00
45  2    -0.00000000000000E+00    -7.20218709191296E-02    -0.00000000000000E+00    -0.00000000000000E+00     8.90156299146441E-01
45  3    -0.00000000000000E+00    -0.00000000000000E+00     7.52691617364946E+00     4.97625249355811E-02     4.97625249355795E-02
45  4    -9.95250498711606E-02    -0.00000000000000E+00    -0.00000000000000E+00    -0.00000000000000E+00    -6.49453157253144E-01
45  5    -6.49453157253143E-01     1.29890631450629E+00    -0.00000000000000E+00    -0.00000000000000E+00    -0.00000000000000E+00
45  6    -7.20971167156249E-03     8.23765667608732E-02    -1.47280792935334E+01    -1.26869656207139E+00    -0.00000000000000E+00
45  7    -0.00000000000000E+00    -7.20218709191296E-02    -0.00000000000000E+00    -0.00000000000000E+00     8.90156299146441E-01
45  8    -0.00000000000000E+00    -0.00000000000000E+00     7.52691617364946E+00    -4.97625249355811E-02    -4.97625249355795E-02
45  9     9.95250498711606E-02    -0.00000000000000E+00    -0.00000000000000E+00    -0.00000000000000E+00     6.49453157253144E-01
45 10     6.49453157253143E-01    -1.29890631450629E+00    -0.00000000000000E+00    -0.00000000000000E+00    -0.00000000000000E+00
46  1    -4.35082115715404E-02     1.71355714109607E-01     4.80252023158268E-01     3.32474381236809E+00    -0.00000000000000E+00
46  2    -0.00000000000000E+00     4.99763388046208E-02    -0.00000000000000E+00    -0.00000000000000E+00    -2.38836410263446E-01
46  3    -0.00000000000000E+00    -0.00000000000000E+00     1.00303179999771E+00     3.49738974288124E-03     3.49738974287998E-03
46  4    -6.99477948576122E-03    -0.00000000000000E+00    -0.00000000000000E+00    -0.00000000000000E+00     9.51994924791321E-03
46  5     9.51994924791393E-03    -1.90398984958271E-02    -0.00000000000000E+00    -0.00000000000000E+00    -0.00000000000000E+00
46  6     4.35082115715404E-02    -1.71355714109607E-01    -4.80252023158268E-01    -3.32474381236809E+00    -0.00000000000000E+00
46  7    -0.00000000000000E+00     4.99763388046208E-02    -0.00000000000000E+00    -0.00000000000000E+00    -2.38836410263446E-01
46  8    -0.00000000000000E+00    -0.00000000000000E+00     1.00303179999771E+00    -3.49738974288124E-03    -3.49738974287998E-03
46  9     6.99477948576122E-03    -0.00000000000000E+00    -0.00000000000000E+00    -0.00000000000000E+00    -9.51994924791321E-03
46 10    -9.51994924791393E-03     1.90398984958271E-02    -0.00000000000000E+00    -0.00000000000000E+00    -0.00000000000000E+00
 $END   
 POPULATION ANALYSIS
H            1.00000  -0.00000   1.00000  -0.00000
 MOMENTS AT POINT    1 X,Y,Z=  0.000000  0.000000  0.000000
 DIPOLE       0.000000  0.000000  0.000000
